              precision    recall  f1-score   support

           0     0.0000    0.0000    0.0000        32
           1     0.1020    0.3125    0.1538        32
           2     0.1098    0.5938    0.1854        32
           3     0.3636    0.2000    0.2581        40
           4     0.3750    0.3333    0.3529        36
           5     0.1818    0.1000    0.1290        60
           6     0.1613    0.1562    0.1587        32
           7     0.8182    0.2195    0.3462        82
           8     0.7333    0.1594    0.2619        69
           9     0.7500    0.3582    0.4848        67

    accuracy                         0.2344       482
   macro avg     0.3595    0.2433    0.2331       482
weighted avg     0.4540    0.2344    0.2607       482
